0
1
11
261
9694
502110
33064966
2642657228
248639631948
26941775019280
3306075027570423
453373928307505005
68734915059053558299
11418459384326497964902
2062999819948725194529075
402798929430911987111828116
84526877217018050866911342594
18973553064409449260472376235331
4536630338860581369328873910626665
1151178454966303268991128664243557042
308991125227760514842992561654679405221
87470525099250663833460093841873159882770
26045634993717076980553312324382165496411343
8138039298777944270381420460637129863949889849
2662347418559335512464065752229073742895672945088
910123858978356747439907460726172015072958200977270
324511339738064365642213279291353450470816118359891801
120481160791478999426315146189400115675011814497034635659
46504054970702540514490803271996535383294449909522164391772
18634489098129433985717877835265225648570981594218150923733739
7741345283646475203134474681560988395035942645169952172520489471
3330006555730969930537529418233455396232698509778309574544827727149
1481484103556207682260645284167472578981211726936064595468171230772673
680923577203003538320164072110804759796243431710220785348660674010878904
323001869626771415312217567738355146979882994654113136049423924452464942105
157979135649178998460657860482578441120545283945409286757466274566093670595921
79595729357789331242842448305241224861124526102437745227495817092435186975024267
41276693261034587151826907310948478138424249720068920404024446229908796073425199790
22013823546191742833362281648474861974610974137557505000269854773610459107925196193907
12065096355048346536818820738749579944341201387473132772386095852464893117668967530754966
6790434298681964215505401845900584952789988058295868395478393488951125206133694619196794912
3921918447001902223717885997968972948788608034932410358786151853364183048995424656807445791633
2323012311226145312347594415017432427981472606202815034109215674419141796735889360833761580874753
1410223362601785662117780474838057052778136612869746464784684038606502784073668403348927278916135717
876903997273002848141629737182074425808493744880770075338491731935264218125309450971504854303812439153
558213294883204527688307011514608082164801699576263453060198803355059934068031318862399732886670908388252
363579695762006637160509668830060896500204148918326317015845070007630607740581323014299062003571528726987098
242174322793974697560218900102129442872102165411932501441660945353069570449974546713473328062705725703531228837
164881902098375075140994297329613864641746237886306508456211238060446167008556935324634051797669588039551871944573
114691379257898625556378026423076874927705301601621880065204264939605970749687741454793918669008526851263080777800273
81471634149892526939012783054042477692293225987224920737292189156019641417849772301841520858872847244400742157887780522
59076247551720132545304587909105741371706791581301756719998496386226960127826019027082511173063164973868091449604726571966
43708978744322026083419758441507705238493833266466407484256796900363462821244054421515782665122998881702750121969170579953982
32984296347254477022282999704705722214832772246484744387775464888029861249009524821481429635423102851448359948325604000528169151
25377963723643442772143045366497077132437924847770919352959035885084873469554941978654692041745234555867871518621654341359811177827
19900306230105022476644502712584630957479913576838888284746493837759449414122514046557271804366113526756553342974724210374551125242173
15898734898873222754993398548300182434910550612257122460628235123589493749271602595997708375108959413543436918479762600502071431140156773
12936511643660858581152018985371950798305527871123636294435717585895325669423304445920700391891366382322642626049335893752805802868036069094
10717189181647406951334988864115186078460732842378632838749880773894245135930109456067491780640513509258263193560591166470099136962594525132236
9036828101643777639682104557968741077989491771742137584649806754058784495651263789541754847014364299652770882539747244407311068085536702687353913
7753354358059862266543614250918775511623414276996064187846610756082654046468945691885316707297550000069672817501432365428250445100561608847498586167
6766644043992929884138381034883315367776761219767697291564706284257607427208874378168905132777066741269461820701662678579233070636613133891904935114580
6005414760286056397144713756083616937734268467074902203746477426034911753772218612236564230844393034091212683077266873402857424584598328119930029872072193
5418494485796815608435446923799451914790032979545865200035508661015893870807812321300042313457774107373874646899504867634056626782370348898159608472711949028
4968943710959275865693839466376555793315290505585045453282807561394132926073527716311016796145353299547006935824846772858127264279658996887760271963095406823157
4630062889803190702695864213046180003287687544338098107985402708381352198903795391864058259865554609609019299398779904963640439420227405076641935112791704207403286
4382663830969780833852333333014697756766793195660554880898002642688991915255300772048201128628191308101602307745766939985668431993186810477772992071051178415749323451
4213202501677453209904797977184408547510296526047321386800039207063315970943731255008744881004265246902022349689644466813680106135045902202631098457220451352642323749919
4112510956544646494488863036690319052347369691785267490758344853912446926464177507630967182452175658571213703594603983591623073811676483405459828003506139068285044834508654
4074957521008539774483856913656334814297751038429150042537694381690923830519230185738884820394492896034864200417466965755843773789466960074249553073317754870251538880215403167
4097925314550383926605494840055091204815823771809493032084697461731459408951983171575209010546819588991896141521585127864320914941406412542646230330177096405854936214928418213499
4181541217217781616844752729179847558667525096534416848197849862791950637533696307223946946875391914599791480542050771863067468624797826546721349749189368218726862958885265732154416
4328617897407598594789874025179645426555680450843461018530115033057525743068175918793316697607018042444069806626215617855171002789131965699447222454980171919772518909919825194390585623
4544795538439216010790071743718473623584048183137902790304419387921546629176679115813886443401519618764118182502958338440651133629282284892510226229393326554244974877188410585644859454706
4838891060827867230520332798453622969915727766654869662054356045099970754353659070976949795354819823846565350643473697782147783106536297535642026130664562773497200100355910076279703521611804
5223483901185205924384399596764321748417043490438028646936204975978620019751935692549318002118245964655379381926761779881499970592331255418621394249869077457606730648056039283318732307286023389
5715791599477817557384076253193067106712225203260616326355473402957571086966331341850230998074927979746645209120422554103462666469825478126804432822635863437861232315410483734205085443235421790979
6338918709485298915229275221289822416487593049598862841117488929308791190128879683158909638123917939051032558477135520105014990911825323019134040748346472002053558910676524920772840983643882140925781
7123602850116241835759594573725118706023646302158752567262883054876644386890645338246447267085603944602133209035001109496251625975105663099737358475431914759177564668773746965821403219760854576063588787
8110637471973554980625589681042437591867506996646383528526085656247706389517022552435305215118570821125398984073918047230446921092952139065950069717869026952041442996422684311357483135471072469463178541083
9354229851700371784086177253778118216925537387178281732735236814945563739486396040318740734895703466313372705486850471310114590470810057931520043157716827284257395859333560116171814010981262082640786300527722
10926666255559063446751784397255973732382322120394302405629089533310808854768965407220609710987684210917182042324140439327486247957513678076263042213317925221446392595178457804802532354386153904327807164844375068
12924820935329087853051228159828166749284578023413750147433490569524443337554726946496247102635544757162880997381912241411898214213744809073814969444059694108825874560605744024821115156604445490057305070035762410173
15479286851698145459481632097612684446523808945304841815468377844451254567056625755459929327376737055647145679575830137286832375186583728376130016519753891772246110087099494756195357390225822956065962195178925133171952
18767261914278259937091860574804501456698134511178236075944838651113262336074931571712804327411912694591389192739121138307072252039850607343002385533474950957771948028918059195825142323641449790910439628596496297635828626
23030853204398132428538530166531175469534060744217053442097697596585758768433071721983604361451742919385141566985116006697554937210741838058628216746078613325910166112507011034142704733608029610276720081124954451855784089589
28603252229181056456839851876774306128739921760967261344114811396981898882603547424670843828184096350598291884541586977520764967830741093599272316068145806533451335503179266725427430068702396667506912854673137850861486099916701
35946424269882573774159325025318799063613716716545939147086401232407274228785551386039476810540574972559928156315985310528633395443994023643420867584076334813781340449962322156404495557282741689201461818476973001557252631824242153
45705757889358267262055811757045619599503403866506440716389780637288291302330317269155494166281627672586644819702748727248245115462010652795284073557378440376759103155917040732542399753799947087254764116203457707346013854992850993857
58789870349601710768984346310193731933348873343287966860941472112318172497519718681230669871466158252183353757045592365831041642958339868444390339283611931068967362166886561873836744076394226594032708856734177962817383249939124374986050
76487985769340715909084102225567227837728977731363932529643147483777887915470867292504951286252627443964043203792355586307321792236963372045916798801908599491422214430118252144814837619336332392449211740132273264805797068251328114615896948
100643825595345890503275468155283998574470883536753938676799039235862512567194314353538412586987524884792224784143368183853906644969503194959020913193782847234739678147025311745877102560776996590081137677454401754711523029966464215145694266334
133915097485560433861067285706004256811599172042413270520362979138617969404286022899314697613130224700634589569721358956923105009880618699514650482656779882347880164956999986768854204901620192016489325490784783016810830094749417655806121524667285
180163557753281213095797065234095644159829400583715818545861438554700599430390573906385344254051108594665372827553829613175818690958112703080397651392051660946824952998473717706268308040672281737909720883458244973464996663255711453502557454567796421
245045671216293948846493561358123934590078452564151531002308722031078064210641383217629885909677193180711281450285170677826385327068471824829110855305165405935316308430432695947419368828443259601641379035251991313900417763991569891946766219417103397237
336913647193024795113365481789602274239817375363635540819544967031525197461105729227198046908945836537546781764675920528458303754357357514904991202799759188126435210634138146321165001703456924558072544288884904227476703869431366144266867533234903009322447
468200152589167624029092895514654353671107782470472866767399256730249336915554769581676868849301990783981564219030565786252696879343364333754017232447227533352028260879739342639113428368340416590096050036993816887047205921614429239241052076539080142920409349
657562190970473483314773145736673360373627521384458571800190919264349415493550951879214237872353029426909907802979181282519246314426115376461049155164504244709297013283298714656029394610410230722315418883634965602351182119853105362163197594929336518614536161795
933225145660625134109070693055113877694793096294262093048201837524801699299659637662309963843110436139837837908613884924907867901665030352501824102169270374693011637518106714906647900375724445312432256855202190196362208200247247897341034852896601045853224184293455
1338237883282131598250851168215614683412675863413620165032837609755151292710072654494860624016271978097023498893716349132516510310110785959512558349567129545532419095413387949943101718768492272272616567173586908186519741224581407132935748414462810960757162262098464741
1938792954614573854678203327899159329406655401945422223583383579697669507666211803255473791215972528233936280429226448811038500635917577945405827355487079915982583951042052045391884998054877252695819251914904776059605539548142033075730454391432502299219503318945114672031
